2  928 664 310 584 442 88
0  957 596 340 20 336 260
1  851 846 7 533 969 342
0  174 893 871 199 115 43
1 1 1 2 1 1 3
2  928 664 310 584 442 88
0  957 596 340 20 336 260
1  851 846 7 533 969 342
0  174 893 871 199 115 43
2 1 3 1 0 0 2
2  928 664 310 584 442 88
0  957 596 340 20 336 260
1  851 846 7 533 969 342
0  174 893 871 199 115 43
0 0 2 3 3 3 0
2 0 1 0 2 0 1
1 2 3 3 1 0 0
2  928 664 310 584 442 88
0  957 596 340 20 336 260
1  851 846 7 533 969 342
0  174 893 871 199 115 43
2  928 664 310 584 442 88
0  957 596 340 20 336 260
1  851 846 7 533 969 342
0  174 893 871 199 115 43
2  928 664 310 584 442 88
0  957 596 340 20 336 260
1  851 846 7 533 969 342
0  174 893 871 199 115 43
0 0 2 2 2 2 2
1 1 1 2 2 2 3
2  928 664 310 584 442 88
0  957 596 340 20 336 260
1  851 846 7 533 969 342
0  174 893 871 199 115 43
2  928 664 310 584 442 88
0  957 596 340 20 336 260
1  851 846 7 533 969 342
0  174 893 871 199 115 43
2  928 664 310 584 442 88
0  957 596 340 20 336 260
1  851 846 7 533 969 342
0  174 893 871 199 115 43
2  928 664 310 584 442 88
0  957 596 340 20 336 260
1  851 846 7 533 969 342
0  174 893 871 199 115 43
2  928 664 310 584 442 88
0  957 596 340 20 336 260
1  851 846 7 533 969 342
0  174 893 871 199 115 43
2  928 664 310 584 442 88
0  957 596 340 20 336 260
1  851 846 7 533 969 342
0  174 893 871 199 115 43
1 0 0 3 1 2 0
2  928 664 310 584 442 88
0  957 596 340 20 336 260
1  851 846 7 533 969 342
0  174 893 871 199 115 43
2  928 664 310 584 442 88
0  957 596 340 20 336 260
1  851 846 7 533 969 342
0  174 893 871 199 115 43
2  928 664 310 584 442 88
0  957 596 340 20 336 260
1  851 846 7 533 969 342
0  174 893 871 199 115 43
2  928 664 310 584 442 88
0  957 596 340 20 336 260
1  851 846 7 533 969 342
0  174 893 871 199 115 43
2  928 664 310 584 442 88
0  957 596 340 20 336 260
1  851 846 7 533 969 342
0  174 893 871 199 115 43
2  928 664 310 584 442 88
0  957 596 340 20 336 260
1  851 846 7 533 969 342
0  174 893 871 199 115 43
2  928 664 310 584 442 88
0  957 596 340 20 336 260
1  851 846 7 533 969 342
0  174 893 871 199 115 43
2 0 3 1 3 0 2
2  928 664 310 584 442 88
0  957 596 340 20 336 260
1  851 846 7 533 969 342
0  174 893 871 199 115 43
1 1 0 3 2 0 1
2  928 664 310 584 442 88
0  957 596 340 20 336 260
1  851 846 7 533 969 342
0  174 893 871 199 115 43
1 1 2 0 0 3 0
1 2 0 2 3 2 3
2  928 664 310 584 442 88
0  957 596 340 20 336 260
1  851 846 7 533 969 342
0  174 893 871 199 115 43
2  928 664 310 584 442 88
0  957 596 340 20 336 260
1  851 846 7 533 969 342
0  174 893 871 199 115 43
2  928 664 310 584 442 88
0  957 596 340 20 336 260
1  851 846 7 533 969 342
0  174 893 871 199 115 43
2 0 1 3 0 2 1
2  928 664 310 584 442 88
0  957 596 340 20 336 260
1  851 846 7 533 969 342
0  174 893 871 199 115 43
1 1 3 3 0 1 0
2  928 664 310 584 442 88
0  957 596 340 20 336 260
1  851 846 7 533 969 342
0  174 893 871 199 115 43
2  928 664 310 584 442 88
0  957 596 340 20 336 260
1  851 846 7 533 969 342
0  174 893 871 199 115 43
2  928 664 310 584 442 88
0  957 596 340 20 336 260
1  851 846 7 533 969 342
0  174 893 871 199 115 43
2  928 664 310 584 442 88
0  957 596 340 20 336 260
1  851 846 7 533 969 342
0  174 893 871 199 115 43
2  928 664 310 584 442 88
0  957 596 340 20 336 260
1  851 846 7 533 969 342
0  174 893 871 199 115 43
2  928 664 310 584 442 88
0  957 596 340 20 336 260
1  851 846 7 533 969 342
0  174 893 871 199 115 43
0 2 1 0 3 2 1
0 3 1 0 0 1 1
2 3 2 2 0 1 1
1 3 2 0 3 0 1
2  928 664 310 584 442 88
0  957 596 340 20 336 260
1  851 846 7 533 969 342
0  174 893 871 199 115 43
2  928 664 310 584 442 88
0  957 596 340 20 336 260
1  851 846 7 533 969 342
0  174 893 871 199 115 43
2  928 664 310 584 442 88
0  957 596 340 20 336 260
1  851 846 7 533 969 342
0  174 893 871 199 115 43
2  928 664 310 584 442 88
0  957 596 340 20 336 260
1  851 846 7 533 969 342
0  174 893 871 199 115 43
2  928 664 310 584 442 88
0  957 596 340 20 336 260
1  851 846 7 533 969 342
0  174 893 871 199 115 43
2  928 664 310 584 442 88
0  957 596 340 20 336 260
1  851 846 7 533 969 342
0  174 893 871 199 115 43
2  928 664 310 584 442 88
0  957 596 340 20 336 260
1  851 846 7 533 969 342
0  174 893 871 199 115 43
2  928 664 310 584 442 88
0  957 596 340 20 336 260
1  851 846 7 533 969 342
0  174 893 871 199 115 43
1 2 0 3 2 2 1
2 0 0 3 2 1 0
2  928 664 310 584 442 88
0  957 596 340 20 336 260
1  851 846 7 533 969 342
0  174 893 871 199 115 43
2  928 664 310 584 442 88
0  957 596 340 20 336 260
1  851 846 7 533 969 342
0  174 893 871 199 115 43
2  928 664 310 584 442 88
0  957 596 340 20 336 260
1  851 846 7 533 969 342
0  174 893 871 199 115 43
2  928 664 310 584 442 88
0  957 596 340 20 336 260
1  851 846 7 533 969 342
0  174 893 871 199 115 43
2  928 664 310 584 442 88
0  957 596 340 20 336 260
1  851 846 7 533 969 342
0  174 893 871 199 115 43
2  928 664 310 584 442 88
0  957 596 340 20 336 260
1  851 846 7 533 969 342
0  174 893 871 199 115 43
2 3 1 2 3 3 2
2  928 664 310 584 442 88
0  957 596 340 20 336 260
1  851 846 7 533 969 342
0  174 893 871 199 115 43
2  928 664 310 584 442 88
0  957 596 340 20 336 260
1  851 846 7 533 969 342
0  174 893 871 199 115 43
2  928 664 310 584 442 88
0  957 596 340 20 336 260
1  851 846 7 533 969 342
0  174 893 871 199 115 43
1 1 0 3 1 1 3
0 2 2 1 3 1 3
2  928 664 310 584 442 88
0  957 596 340 20 336 260
1  851 846 7 533 969 342
0  174 893 871 199 115 43
0 3 0 0 1 0 3
1 1 3 1 0 1 0
2  928 664 310 584 442 88
0  957 596 340 20 336 260
1  851 846 7 533 969 342
0  174 893 871 199 115 43
2  928 664 310 584 442 88
0  957 596 340 20 336 260
1  851 846 7 533 969 342
0  174 893 871 199 115 43
2  928 664 310 584 442 88
0  957 596 340 20 336 260
1  851 846 7 533 969 342
0  174 893 871 199 115 43
0 3 0 2 3 1 3
2  928 664 310 584 442 88
0  957 596 340 20 336 260
1  851 846 7 533 969 342
0  174 893 871 199 115 43
2  928 664 310 584 442 88
0  957 596 340 20 336 260
1  851 846 7 533 969 342
0  174 893 871 199 115 43
1 0 1 0 2 2 2
0 3 3 2 0 3 2
2  928 664 310 584 442 88
0  957 596 340 20 336 260
1  851 846 7 533 969 342
0  174 893 871 199 115 43
2  928 664 310 584 442 88
0  957 596 340 20 336 260
1  851 846 7 533 969 342
0  174 893 871 199 115 43
0 0 1 1 3 2 0
2  928 664 310 584 442 88
0  957 596 340 20 336 260
1  851 846 7 533 969 342
0  174 893 871 199 115 43
1 1 3 2 3 1 0
2  928 664 310 584 442 88
0  957 596 340 20 336 260
1  851 846 7 533 969 342
0  174 893 871 199 115 43
2  928 664 310 584 442 88
0  957 596 340 20 336 260
1  851 846 7 533 969 342
0  174 893 871 199 115 43
2  928 664 310 584 442 88
0  957 596 340 20 336 260
1  851 846 7 533 969 342
0  174 893 871 199 115 43
2  928 664 310 584 442 88
0  957 596 340 20 336 260
1  851 846 7 533 969 342
0  174 893 871 199 115 43
2  928 664 310 584 442 88
0  957 596 340 20 336 260
1  851 846 7 533 969 342
0  174 893 871 199 115 43
2  928 664 310 584 442 88
0  957 596 340 20 336 260
1  851 846 7 533 969 342
0  174 893 871 199 115 43
2  928 664 310 584 442 88
0  957 596 340 20 336 260
1  851 846 7 533 969 342
0  174 893 871 199 115 43
2  928 664 310 584 442 88
0  957 596 340 20 336 260
1  851 846 7 533 969 342
0  174 893 871 199 115 43
2  928 664 310 584 442 88
0  957 596 340 20 336 260
1  851 846 7 533 969 342
0  174 893 871 199 115 43
2  928 664 310 584 442 88
0  957 596 340 20 336 260
1  851 846 7 533 969 342
0  174 893 871 199 115 43
2  928 664 310 584 442 88
0  957 596 340 20 336 260
1  851 846 7 533 969 342
0  174 893 871 199 115 43
2  928 664 310 584 442 88
0  957 596 340 20 336 260
1  851 846 7 533 969 342
0  174 893 871 199 115 43
2 1 2 3 0 0 3
2  928 664 310 584 442 88
0  957 596 340 20 336 260
1  851 846 7 533 969 342
0  174 893 871 199 115 43
2  928 664 310 584 442 88
0  957 596 340 20 336 260
1  851 846 7 533 969 342
0  174 893 871 199 115 43
2  928 664 310 584 442 88
0  957 596 340 20 336 260
1  851 846 7 533 969 342
0  174 893 871 199 115 43
2  928 664 310 584 442 88
0  957 596 340 20 336 260
1  851 846 7 533 969 342
0  174 893 871 199 115 43
2  928 664 310 584 442 88
0  957 596 340 20 336 260
1  851 846 7 533 969 342
0  174 893 871 199 115 43
2  928 664 310 584 442 88
0  957 596 340 20 336 260
1  851 846 7 533 969 342
0  174 893 871 199 115 43
2  928 664 310 584 442 88
0  957 596 340 20 336 260
1  851 846 7 533 969 342
0  174 893 871 199 115 43
2  928 664 310 584 442 88
0  957 596 340 20 336 260
1  851 846 7 533 969 342
0  174 893 871 199 115 43
2 2 1 3 3 3 2
1 0 3 2 0 1 2
2  928 664 310 584 442 88
0  957 596 340 20 336 260
1  851 846 7 533 969 342
0  174 893 871 199 115 43
0 0 1 2 3 1 0
0 3 0 3 0 1 1
2  928 664 310 584 442 88
0  957 596 340 20 336 260
1  851 846 7 533 969 342
0  174 893 871 199 115 43
2  928 664 310 584 442 88
0  957 596 340 20 336 260
1  851 846 7 533 969 342
0  174 893 871 199 115 43
2  928 664 310 584 442 88
0  957 596 340 20 336 260
1  851 846 7 533 969 342
0  174 893 871 199 115 43
2  928 664 310 584 442 88
0  957 596 340 20 336 260
1  851 846 7 533 969 342
0  174 893 871 199 115 43
2  928 664 310 584 442 88
0  957 596 340 20 336 260
1  851 846 7 533 969 342
0  174 893 871 199 115 43
2  928 664 310 584 442 88
0  957 596 340 20 336 260
1  851 846 7 533 969 342
0  174 893 871 199 115 43
0 1 3 0 2 2 3
1 1 2 1 2 1 3
2  928 664 310 584 442 88
0  957 596 340 20 336 260
1  851 846 7 533 969 342
0  174 893 871 199 115 43
0 2 2 3 2 2 3
2  928 664 310 584 442 88
0  957 596 340 20 336 260
1  851 846 7 533 969 342
0  174 893 871 199 115 43
1 0 0 2 3 1 1
2  928 664 310 584 442 88
0  957 596 340 20 336 260
1  851 846 7 533 969 342
0  174 893 871 199 115 43
2  928 664 310 584 442 88
0  957 596 340 20 336 260
1  851 846 7 533 969 342
0  174 893 871 199 115 43
2  928 664 310 584 442 88
0  957 596 340 20 336 260
1  851 846 7 533 969 342
0  174 893 871 199 115 43
0 1 2 1 2 3 2
2  928 664 310 584 442 88
0  957 596 340 20 336 260
1  851 846 7 533 969 342
0  174 893 871 199 115 43
2  928 664 310 584 442 88
0  957 596 340 20 336 260
1  851 846 7 533 969 342
0  174 893 871 199 115 43
2 0 2 1 0 2 1
2  928 664 310 584 442 88
0  957 596 340 20 336 260
1  851 846 7 533 969 342
0  174 893 871 199 115 43
2  928 664 310 584 442 88
0  957 596 340 20 336 260
1  851 846 7 533 969 342
0  174 893 871 199 115 43
1 2 1 2 2 3 1
2  928 664 310 584 442 88
0  957 596 340 20 336 260
1  851 846 7 533 969 342
0  174 893 871 199 115 43
2  928 664 310 584 442 88
0  957 596 340 20 336 260
1  851 846 7 533 969 342
0  174 893 871 199 115 43
2  928 664 310 584 442 88
0  957 596 340 20 336 260
1  851 846 7 533 969 342
0  174 893 871 199 115 43
1 2 3 2 0 2 2
2  928 664 310 584 442 88
0  957 596 340 20 336 260
1  851 846 7 533 969 342
0  174 893 871 199 115 43
2  928 664 310 584 442 88
0  957 596 340 20 336 260
1  851 846 7 533 969 342
0  174 893 871 199 115 43
2  928 664 310 584 442 88
0  957 596 340 20 336 260
1  851 846 7 533 969 342
0  174 893 871 199 115 43
2 3 2 2 0 3 3
2  928 664 310 584 442 88
0  957 596 340 20 336 260
1  851 846 7 533 969 342
0  174 893 871 199 115 43
2  928 664 310 584 442 88
0  957 596 340 20 336 260
1  851 846 7 533 969 342
0  174 893 871 199 115 43
2  928 664 310 584 442 88
0  957 596 340 20 336 260
1  851 846 7 533 969 342
0  174 893 871 199 115 43
2 3 2 0 0 1 3
2  928 664 310 584 442 88
0  957 596 340 20 336 260
1  851 846 7 533 969 342
0  174 893 871 199 115 43
2  928 664 310 584 442 88
0  957 596 340 20 336 260
1  851 846 7 533 969 342
0  174 893 871 199 115 43
1 1 3 3 0 1 3
2  928 664 310 584 442 88
0  957 596 340 20 336 260
1  851 846 7 533 969 342
0  174 893 871 199 115 43
2  928 664 310 584 442 88
0  957 596 340 20 336 260
1  851 846 7 533 969 342
0  174 893 871 199 115 43
2  928 664 310 584 442 88
0  957 596 340 20 336 260
1  851 846 7 533 969 342
0  174 893 871 199 115 43
2  928 664 310 584 442 88
0  957 596 340 20 336 260
1  851 846 7 533 969 342
0  174 893 871 199 115 43
2  928 664 310 584 442 88
0  957 596 340 20 336 260
1  851 846 7 533 969 342
0  174 893 871 199 115 43
2  928 664 310 584 442 88
0  957 596 340 20 336 260
1  851 846 7 533 969 342
0  174 893 871 199 115 43
1 2 3 2 0 2 0
2  928 664 310 584 442 88
0  957 596 340 20 336 260
1  851 846 7 533 969 342
0  174 893 871 199 115 43
2  928 664 310 584 442 88
0  957 596 340 20 336 260
1  851 846 7 533 969 342
0  174 893 871 199 115 43
2  928 664 310 584 442 88
0  957 596 340 20 336 260
1  851 846 7 533 969 342
0  174 893 871 199 115 43
2  928 664 310 584 442 88
0  957 596 340 20 336 260
1  851 846 7 533 969 342
0  174 893 871 199 115 43
2  928 664 310 584 442 88
0  957 596 340 20 336 260
1  851 846 7 533 969 342
0  174 893 871 199 115 43
2  928 664 310 584 442 88
0  957 596 340 20 336 260
1  851 846 7 533 969 342
0  174 893 871 199 115 43
2  928 664 310 584 442 88
0  957 596 340 20 336 260
1  851 846 7 533 969 342
0  174 893 871 199 115 43
2  928 664 310 584 442 88
0  957 596 340 20 336 260
1  851 846 7 533 969 342
0  174 893 871 199 115 43
2  928 664 310 584 442 88
0  957 596 340 20 336 260
1  851 846 7 533 969 342
0  174 893 871 199 115 43
2  928 664 310 584 442 88
0  957 596 340 20 336 260
1  851 846 7 533 969 342
0  174 893 871 199 115 43
2  928 664 310 584 442 88
0  957 596 340 20 336 260
1  851 846 7 533 969 342
0  174 893 871 199 115 43
1 0 3 0 3 3 0
2  928 664 310 584 442 88
0  957 596 340 20 336 260
1  851 846 7 533 969 342
0  174 893 871 199 115 43
2  928 664 310 584 442 88
0  957 596 340 20 336 260
1  851 846 7 533 969 342
0  174 893 871 199 115 43
1 3 3 1 0 3 2
2  928 664 310 584 442 88
0  957 596 340 20 336 260
1  851 846 7 533 969 342
0  174 893 871 199 115 43
2  928 664 310 584 442 88
0  957 596 340 20 336 260
1  851 846 7 533 969 342
0  174 893 871 199 115 43
2 1 1 0 1 0 3
2  928 664 310 584 442 88
0  957 596 340 20 336 260
1  851 846 7 533 969 342
0  174 893 871 199 115 43
2  928 664 310 584 442 88
0  957 596 340 20 336 260
1  851 846 7 533 969 342
0  174 893 871 199 115 43
2  928 664 310 584 442 88
0  957 596 340 20 336 260
1  851 846 7 533 969 342
0  174 893 871 199 115 43
2  928 664 310 584 442 88
0  957 596 340 20 336 260
1  851 846 7 533 969 342
0  174 893 871 199 115 43
2  928 664 310 584 442 88
0  957 596 340 20 336 260
1  851 846 7 533 969 342
0  174 893 871 199 115 43
2  928 664 310 584 442 88
0  957 596 340 20 336 260
1  851 846 7 533 969 342
0  174 893 871 199 115 43
2  928 664 310 584 442 88
0  957 596 340 20 336 260
1  851 846 7 533 969 342
0  174 893 871 199 115 43
2  928 664 310 584 442 88
0  957 596 340 20 336 260
1  851 846 7 533 969 342
0  174 893 871 199 115 43
0 3 3 2 1 1 0
1 3 3 3 0 1 0
2  928 664 310 584 442 88
0  957 596 340 20 336 260
1  851 846 7 533 969 342
0  174 893 871 199 115 43
2  928 664 310 584 442 88
0  957 596 340 20 336 260
1  851 846 7 533 969 342
0  174 893 871 199 115 43
2  928 664 310 584 442 88
0  957 596 340 20 336 260
1  851 846 7 533 969 342
0  174 893 871 199 115 43
0 2 0 0 2 0 0
2  928 664 310 584 442 88
0  957 596 340 20 336 260
1  851 846 7 533 969 342
0  174 893 871 199 115 43
2  928 664 310 584 442 88
0  957 596 340 20 336 260
1  851 846 7 533 969 342
0  174 893 871 199 115 43
2  928 664 310 584 442 88
0  957 596 340 20 336 260
1  851 846 7 533 969 342
0  174 893 871 199 115 43
2  928 664 310 584 442 88
0  957 596 340 20 336 260
1  851 846 7 533 969 342
0  174 893 871 199 115 43
1 1 3 1 0 2 0
2  928 664 310 584 442 88
0  957 596 340 20 336 260
1  851 846 7 533 969 342
0  174 893 871 199 115 43
0 0 2 0 3 0 0
1 3 3 3 3 0 3
2  928 664 310 584 442 88
0  957 596 340 20 336 260
1  851 846 7 533 969 342
0  174 893 871 199 115 43
2  928 664 310 584 442 88
0  957 596 340 20 336 260
1  851 846 7 533 969 342
0  174 893 871 199 115 43
2  928 664 310 584 442 88
0  957 596 340 20 336 260
1  851 846 7 533 969 342
0  174 893 871 199 115 43
2  928 664 310 584 442 88
0  957 596 340 20 336 260
1  851 846 7 533 969 342
0  174 893 871 199 115 43
2  928 664 310 584 442 88
0  957 596 340 20 336 260
1  851 846 7 533 969 342
0  174 893 871 199 115 43
0 2 3 3 3 0 0
2  928 664 310 584 442 88
0  957 596 340 20 336 260
1  851 846 7 533 969 342
0  174 893 871 199 115 43
1 0 3 0 2 2 1
2  928 664 310 584 442 88
0  957 596 340 20 336 260
1  851 846 7 533 969 342
0  174 893 871 199 115 43
2  928 664 310 584 442 88
0  957 596 340 20 336 260
1  851 846 7 533 969 342
0  174 893 871 199 115 43
0 3 1 2 2 2 1
0 3 2 0 0 0 3
2  928 664 310 584 442 88
0  957 596 340 20 336 260
1  851 846 7 533 969 342
0  174 893 871 199 115 43
2  928 664 310 584 442 88
0  957 596 340 20 336 260
1  851 846 7 533 969 342
0  174 893 871 199 115 43
2  928 664 310 584 442 88
0  957 596 340 20 336 260
1  851 846 7 533 969 342
0  174 893 871 199 115 43
2  928 664 310 584 442 88
0  957 596 340 20 336 260
1  851 846 7 533 969 342
0  174 893 871 199 115 43
2  928 664 310 584 442 88
0  957 596 340 20 336 260
1  851 846 7 533 969 342
0  174 893 871 199 115 43
2  928 664 310 584 442 88
0  957 596 340 20 336 260
1  851 846 7 533 969 342
0  174 893 871 199 115 43
0 1 0 1 3 2 2
2  928 664 310 584 442 88
0  957 596 340 20 336 260
1  851 846 7 533 969 342
0  174 893 871 199 115 43
2 0 2 0 1 0 2
2  928 664 310 584 442 88
0  957 596 340 20 336 260
1  851 846 7 533 969 342
0  174 893 871 199 115 43
2  928 664 310 584 442 88
0  957 596 340 20 336 260
1  851 846 7 533 969 342
0  174 893 871 199 115 43
2  928 664 310 584 442 88
0  957 596 340 20 336 260
1  851 846 7 533 969 342
0  174 893 871 199 115 43
2  928 664 310 584 442 88
0  957 596 340 20 336 260
1  851 846 7 533 969 342
0  174 893 871 199 115 43
2  928 664 310 584 442 88
0  957 596 340 20 336 260
1  851 846 7 533 969 342
0  174 893 871 199 115 43
2 2 1 1 1 3 3
0 3 3 2 0 3 2
2  928 664 310 584 442 88
0  957 596 340 20 336 260
1  851 846 7 533 969 342
0  174 893 871 199 115 43
2  928 664 310 584 442 88
0  957 596 340 20 336 260
1  851 846 7 533 969 342
0  174 893 871 199 115 43
0 1 0 3 3 1 2
2  928 664 310 584 442 88
0  957 596 340 20 336 260
1  851 846 7 533 969 342
0  174 893 871 199 115 43
2  928 664 310 584 442 88
0  957 596 340 20 336 260
1  851 846 7 533 969 342
0  174 893 871 199 115 43
2  928 664 310 584 442 88
0  957 596 340 20 336 260
1  851 846 7 533 969 342
0  174 893 871 199 115 43
2  928 664 310 584 442 88
0  957 596 340 20 336 260
1  851 846 7 533 969 342
0  174 893 871 199 115 43
0 3 3 2 3 2 2
2  928 664 310 584 442 88
0  957 596 340 20 336 260
1  851 846 7 533 969 342
0  174 893 871 199 115 43
2  928 664 310 584 442 88
0  957 596 340 20 336 260
1  851 846 7 533 969 342
0  174 893 871 199 115 43
2  928 664 310 584 442 88
0  957 596 340 20 336 260
1  851 846 7 533 969 342
0  174 893 871 199 115 43
2 1 3 3 1 1 2
1 0 3 1 1 0 2
2  928 664 310 584 442 88
0  957 596 340 20 336 260
1  851 846 7 533 969 342
0  174 893 871 199 115 43
2  928 664 310 584 442 88
0  957 596 340 20 336 260
1  851 846 7 533 969 342
0  174 893 871 199 115 43
2  928 664 310 584 442 88
0  957 596 340 20 336 260
1  851 846 7 533 969 342
0  174 893 871 199 115 43
2  928 664 310 584 442 88
0  957 596 340 20 336 260
1  851 846 7 533 969 342
0  174 893 871 199 115 43
2  928 664 310 584 442 88
0  957 596 340 20 336 260
1  851 846 7 533 969 342
0  174 893 871 199 115 43
2  928 664 310 584 442 88
0  957 596 340 20 336 260
1  851 846 7 533 969 342
0  174 893 871 199 115 43
2  928 664 310 584 442 88
0  957 596 340 20 336 260
1  851 846 7 533 969 342
0  174 893 871 199 115 43
0 1 3 2 2 0 1
2  928 664 310 584 442 88
0  957 596 340 20 336 260
1  851 846 7 533 969 342
0  174 893 871 199 115 43
2  928 664 310 584 442 88
0  957 596 340 20 336 260
1  851 846 7 533 969 342
0  174 893 871 199 115 43
2  928 664 310 584 442 88
0  957 596 340 20 336 260
1  851 846 7 533 969 342
0  174 893 871 199 115 43
2  928 664 310 584 442 88
0  957 596 340 20 336 260
1  851 846 7 533 969 342
0  174 893 871 199 115 43
2  928 664 310 584 442 88
0  957 596 340 20 336 260
1  851 846 7 533 969 342
0  174 893 871 199 115 43
2  928 664 310 584 442 88
0  957 596 340 20 336 260
1  851 846 7 533 969 342
0  174 893 871 199 115 43
2  928 664 310 584 442 88
0  957 596 340 20 336 260
1  851 846 7 533 969 342
0  174 893 871 199 115 43
2  928 664 310 584 442 88
0  957 596 340 20 336 260
1  851 846 7 533 969 342
0  174 893 871 199 115 43
2  928 664 310 584 442 88
0  957 596 340 20 336 260
1  851 846 7 533 969 342
0  174 893 871 199 115 43
2  928 664 310 584 442 88
0  957 596 340 20 336 260
1  851 846 7 533 969 342
0  174 893 871 199 115 43
2  928 664 310 584 442 88
0  957 596 340 20 336 260
1  851 846 7 533 969 342
0  174 893 871 199 115 43
2  928 664 310 584 442 88
0  957 596 340 20 336 260
1  851 846 7 533 969 342
0  174 893 871 199 115 43
2  928 664 310 584 442 88
0  957 596 340 20 336 260
1  851 846 7 533 969 342
0  174 893 871 199 115 43
0 2 0 3 2 2 2
1 2 3 3 0 3 1
2  928 664 310 584 442 88
0  957 596 340 20 336 260
1  851 846 7 533 969 342
0  174 893 871 199 115 43
1 3 1 3 2 0 3
2  928 664 310 584 442 88
0  957 596 340 20 336 260
1  851 846 7 533 969 342
0  174 893 871 199 115 43
2  928 664 310 584 442 88
0  957 596 340 20 336 260
1  851 846 7 533 969 342
0  174 893 871 199 115 43
2  928 664 310 584 442 88
0  957 596 340 20 336 260
1  851 846 7 533 969 342
0  174 893 871 199 115 43
2  928 664 310 584 442 88
0  957 596 340 20 336 260
1  851 846 7 533 969 342
0  174 893 871 199 115 43
2  928 664 310 584 442 88
0  957 596 340 20 336 260
1  851 846 7 533 969 342
0  174 893 871 199 115 43
2 1 1 2 0 0 0
2  928 664 310 584 442 88
0  957 596 340 20 336 260
1  851 846 7 533 969 342
0  174 893 871 199 115 43
2  928 664 310 584 442 88
0  957 596 340 20 336 260
1  851 846 7 533 969 342
0  174 893 871 199 115 43
2  928 664 310 584 442 88
0  957 596 340 20 336 260
1  851 846 7 533 969 342
0  174 893 871 199 115 43
2  928 664 310 584 442 88
0  957 596 340 20 336 260
1  851 846 7 533 969 342
0  174 893 871 199 115 43
0 0 1 2 0 1 3
2  928 664 310 584 442 88
0  957 596 340 20 336 260
1  851 846 7 533 969 342
0  174 893 871 199 115 43
2  928 664 310 584 442 88
0  957 596 340 20 336 260
1  851 846 7 533 969 342
0  174 893 871 199 115 43
1 3 1 1 0 3 2
2 1 3 0 1 1 1
2  928 664 310 584 442 88
0  957 596 340 20 336 260
1  851 846 7 533 969 342
0  174 893 871 199 115 43
1 0 3 3 3 2 1
2 3 3 1 1 0 3
2  928 664 310 584 442 88
0  957 596 340 20 336 260
1  851 846 7 533 969 342
0  174 893 871 199 115 43
2  928 664 310 584 442 88
0  957 596 340 20 336 260
1  851 846 7 533 969 342
0  174 893 871 199 115 43
0 2 1 2 0 0 3
2  928 664 310 584 442 88
0  957 596 340 20 336 260
1  851 846 7 533 969 342
0  174 893 871 199 115 43
2  928 664 310 584 442 88
0  957 596 340 20 336 260
1  851 846 7 533 969 342
0  174 893 871 199 115 43
2  928 664 310 584 442 88
0  957 596 340 20 336 260
1  851 846 7 533 969 342
0  174 893 871 199 115 43
2  928 664 310 584 442 88
0  957 596 340 20 336 260
1  851 846 7 533 969 342
0  174 893 871 199 115 43
2  928 664 310 584 442 88
0  957 596 340 20 336 260
1  851 846 7 533 969 342
0  174 893 871 199 115 43
2  928 664 310 584 442 88
0  957 596 340 20 336 260
1  851 846 7 533 969 342
0  174 893 871 199 115 43
2  928 664 310 584 442 88
0  957 596 340 20 336 260
1  851 846 7 533 969 342
0  174 893 871 199 115 43
2  928 664 310 584 442 88
0  957 596 340 20 336 260
1  851 846 7 533 969 342
0  174 893 871 199 115 43
2  928 664 310 584 442 88
0  957 596 340 20 336 260
1  851 846 7 533 969 342
0  174 893 871 199 115 43
2  928 664 310 584 442 88
0  957 596 340 20 336 260
1  851 846 7 533 969 342
0  174 893 871 199 115 43
2  928 664 310 584 442 88
0  957 596 340 20 336 260
1  851 846 7 533 969 342
0  174 893 871 199 115 43
2  928 664 310 584 442 88
0  957 596 340 20 336 260
1  851 846 7 533 969 342
0  174 893 871 199 115 43
0 1 0 0 1 2 1
2  928 664 310 584 442 88
0  957 596 340 20 336 260
1  851 846 7 533 969 342
0  174 893 871 199 115 43
2  928 664 310 584 442 88
0  957 596 340 20 336 260
1  851 846 7 533 969 342
0  174 893 871 199 115 43
2  928 664 310 584 442 88
0  957 596 340 20 336 260
1  851 846 7 533 969 342
0  174 893 871 199 115 43
2  928 664 310 584 442 88
0  957 596 340 20 336 260
1  851 846 7 533 969 342
0  174 893 871 199 115 43
2  928 664 310 584 442 88
0  957 596 340 20 336 260
1  851 846 7 533 969 342
0  174 893 871 199 115 43
2  928 664 310 584 442 88
0  957 596 340 20 336 260
1  851 846 7 533 969 342
0  174 893 871 199 115 43
2  928 664 310 584 442 88
0  957 596 340 20 336 260
1  851 846 7 533 969 342
0  174 893 871 199 115 43
2  928 664 310 584 442 88
0  957 596 340 20 336 260
1  851 846 7 533 969 342
0  174 893 871 199 115 43
2 0 2 3 0 3 0
2  928 664 310 584 442 88
0  957 596 340 20 336 260
1  851 846 7 533 969 342
0  174 893 871 199 115 43
2 2 3 3 1 2 0
2  928 664 310 584 442 88
0  957 596 340 20 336 260
1  851 846 7 533 969 342
0  174 893 871 199 115 43
0 1 0 1 0 2 3
2  928 664 310 584 442 88
0  957 596 340 20 336 260
1  851 846 7 533 969 342
0  174 893 871 199 115 43
2  928 664 310 584 442 88
0  957 596 340 20 336 260
1  851 846 7 533 969 342
0  174 893 871 199 115 43
2  928 664 310 584 442 88
0  957 596 340 20 336 260
1  851 846 7 533 969 342
0  174 893 871 199 115 43
2  928 664 310 584 442 88
0  957 596 340 20 336 260
1  851 846 7 533 969 342
0  174 893 871 199 115 43
2  928 664 310 584 442 88
0  957 596 340 20 336 260
1  851 846 7 533 969 342
0  174 893 871 199 115 43
2  928 664 310 584 442 88
0  957 596 340 20 336 260
1  851 846 7 533 969 342
0  174 893 871 199 115 43
0 0 0 1 3 1 1
2  928 664 310 584 442 88
0  957 596 340 20 336 260
1  851 846 7 533 969 342
0  174 893 871 199 115 43
2  928 664 310 584 442 88
0  957 596 340 20 336 260
1  851 846 7 533 969 342
0  174 893 871 199 115 43
2 2 2 1 0 0 2
1 0 0 0 2 2 1
2  928 664 310 584 442 88
0  957 596 340 20 336 260
1  851 846 7 533 969 342
0  174 893 871 199 115 43
2  928 664 310 584 442 88
0  957 596 340 20 336 260
1  851 846 7 533 969 342
0  174 893 871 199 115 43
1 0 1 1 2 3 2
2  928 664 310 584 442 88
0  957 596 340 20 336 260
1  851 846 7 533 969 342
0  174 893 871 199 115 43
1 1 2 1 0 2 1
2  928 664 310 584 442 88
0  957 596 340 20 336 260
1  851 846 7 533 969 342
0  174 893 871 199 115 43
2 0 3 0 2 1 2
0 2 2 1 3 1 2
1 2 0 1 2 0 2
2  928 664 310 584 442 88
0  957 596 340 20 336 260
1  851 846 7 533 969 342
0  174 893 871 199 115 43
2  928 664 310 584 442 88
0  957 596 340 20 336 260
1  851 846 7 533 969 342
0  174 893 871 199 115 43
2  928 664 310 584 442 88
0  957 596 340 20 336 260
1  851 846 7 533 969 342
0  174 893 871 199 115 43
2  928 664 310 584 442 88
0  957 596 340 20 336 260
1  851 846 7 533 969 342
0  174 893 871 199 115 43
1 3 1 1 3 2 1
2  928 664 310 584 442 88
0  957 596 340 20 336 260
1  851 846 7 533 969 342
0  174 893 871 199 115 43
2  928 664 310 584 442 88
0  957 596 340 20 336 260
1  851 846 7 533 969 342
0  174 893 871 199 115 43
2  928 664 310 584 442 88
0  957 596 340 20 336 260
1  851 846 7 533 969 342
0  174 893 871 199 115 43
2  928 664 310 584 442 88
0  957 596 340 20 336 260
1  851 846 7 533 969 342
0  174 893 871 199 115 43
1 1 3 2 0 0 2
2  928 664 310 584 442 88
0  957 596 340 20 336 260
1  851 846 7 533 969 342
0  174 893 871 199 115 43
2  928 664 310 584 442 88
0  957 596 340 20 336 260
1  851 846 7 533 969 342
0  174 893 871 199 115 43
2  928 664 310 584 442 88
0  957 596 340 20 336 260
1  851 846 7 533 969 342
0  174 893 871 199 115 43
0 2 3 1 3 2 1
2  928 664 310 584 442 88
0  957 596 340 20 336 260
1  851 846 7 533 969 342
0  174 893 871 199 115 43
2  928 664 310 584 442 88
0  957 596 340 20 336 260
1  851 846 7 533 969 342
0  174 893 871 199 115 43
2  928 664 310 584 442 88
0  957 596 340 20 336 260
1  851 846 7 533 969 342
0  174 893 871 199 115 43
2  928 664 310 584 442 88
0  957 596 340 20 336 260
1  851 846 7 533 969 342
0  174 893 871 199 115 43
2 3 0 0 3 1 3
2  928 664 310 584 442 88
0  957 596 340 20 336 260
1  851 846 7 533 969 342
0  174 893 871 199 115 43
2  928 664 310 584 442 88
0  957 596 340 20 336 260
1  851 846 7 533 969 342
0  174 893 871 199 115 43
2 3 0 2 3 0 2
2  928 664 310 584 442 88
0  957 596 340 20 336 260
1  851 846 7 533 969 342
0  174 893 871 199 115 43
2  928 664 310 584 442 88
0  957 596 340 20 336 260
1  851 846 7 533 969 342
0  174 893 871 199 115 43
2  928 664 310 584 442 88
0  957 596 340 20 336 260
1  851 846 7 533 969 342
0  174 893 871 199 115 43
2  928 664 310 584 442 88
0  957 596 340 20 336 260
1  851 846 7 533 969 342
0  174 893 871 199 115 43
2  928 664 310 584 442 88
0  957 596 340 20 336 260
1  851 846 7 533 969 342
0  174 893 871 199 115 43
2  928 664 310 584 442 88
0  957 596 340 20 336 260
1  851 846 7 533 969 342
0  174 893 871 199 115 43
2  928 664 310 584 442 88
0  957 596 340 20 336 260
1  851 846 7 533 969 342
0  174 893 871 199 115 43
2  928 664 310 584 442 88
0  957 596 340 20 336 260
1  851 846 7 533 969 342
0  174 893 871 199 115 43
2  928 664 310 584 442 88
0  957 596 340 20 336 260
1  851 846 7 533 969 342
0  174 893 871 199 115 43
2  928 664 310 584 442 88
0  957 596 340 20 336 260
1  851 846 7 533 969 342
0  174 893 871 199 115 43
2  928 664 310 584 442 88
0  957 596 340 20 336 260
1  851 846 7 533 969 342
0  174 893 871 199 115 43
0 2 0 0 1 1 3
2 0 0 0 0 3 3
2  928 664 310 584 442 88
0  957 596 340 20 336 260
1  851 846 7 533 969 342
0  174 893 871 199 115 43
2  928 664 310 584 442 88
0  957 596 340 20 336 260
1  851 846 7 533 969 342
0  174 893 871 199 115 43
1 0 3 1 2 2 1
2  928 664 310 584 442 88
0  957 596 340 20 336 260
1  851 846 7 533 969 342
0  174 893 871 199 115 43
2  928 664 310 584 442 88
0  957 596 340 20 336 260
1  851 846 7 533 969 342
0  174 893 871 199 115 43
2  928 664 310 584 442 88
0  957 596 340 20 336 260
1  851 846 7 533 969 342
0  174 893 871 199 115 43
2  928 664 310 584 442 88
0  957 596 340 20 336 260
1  851 846 7 533 969 342
0  174 893 871 199 115 43
1 3 1 0 1 3 3
2  928 664 310 584 442 88
0  957 596 340 20 336 260
1  851 846 7 533 969 342
0  174 893 871 199 115 43
0 0 1 3 3 2 1
2  928 664 310 584 442 88
0  957 596 340 20 336 260
1  851 846 7 533 969 342
0  174 893 871 199 115 43
2  928 664 310 584 442 88
0  957 596 340 20 336 260
1  851 846 7 533 969 342
0  174 893 871 199 115 43
2  928 664 310 584 442 88
0  957 596 340 20 336 260
1  851 846 7 533 969 342
0  174 893 871 199 115 43
2  928 664 310 584 442 88
0  957 596 340 20 336 260
1  851 846 7 533 969 342
0  174 893 871 199 115 43
2  928 664 310 584 442 88
0  957 596 340 20 336 260
1  851 846 7 533 969 342
0  174 893 871 199 115 43
2  928 664 310 584 442 88
0  957 596 340 20 336 260
1  851 846 7 533 969 342
0  174 893 871 199 115 43
2  928 664 310 584 442 88
0  957 596 340 20 336 260
1  851 846 7 533 969 342
0  174 893 871 199 115 43
2  928 664 310 584 442 88
0  957 596 340 20 336 260
1  851 846 7 533 969 342
0  174 893 871 199 115 43
2  928 664 310 584 442 88
0  957 596 340 20 336 260
1  851 846 7 533 969 342
0  174 893 871 199 115 43
2  928 664 310 584 442 88
0  957 596 340 20 336 260
1  851 846 7 533 969 342
0  174 893 871 199 115 43
2  928 664 310 584 442 88
0  957 596 340 20 336 260
1  851 846 7 533 969 342
0  174 893 871 199 115 43
2  928 664 310 584 442 88
0  957 596 340 20 336 260
1  851 846 7 533 969 342
0  174 893 871 199 115 43
0 1 0 3 2 0 1
2  928 664 310 584 442 88
0  957 596 340 20 336 260
1  851 846 7 533 969 342
0  174 893 871 199 115 43
2  928 664 310 584 442 88
0  957 596 340 20 336 260
1  851 846 7 533 969 342
0  174 893 871 199 115 43
2  928 664 310 584 442 88
0  957 596 340 20 336 260
1  851 846 7 533 969 342
0  174 893 871 199 115 43
2  928 664 310 584 442 88
0  957 596 340 20 336 260
1  851 846 7 533 969 342
0  174 893 871 199 115 43
2  928 664 310 584 442 88
0  957 596 340 20 336 260
1  851 846 7 533 969 342
0  174 893 871 199 115 43
2  928 664 310 584 442 88
0  957 596 340 20 336 260
1  851 846 7 533 969 342
0  174 893 871 199 115 43
2  928 664 310 584 442 88
0  957 596 340 20 336 260
1  851 846 7 533 969 342
0  174 893 871 199 115 43
2 1 0 3 2 3 2
2  928 664 310 584 442 88
0  957 596 340 20 336 260
1  851 846 7 533 969 342
0  174 893 871 199 115 43
2  928 664 310 584 442 88
0  957 596 340 20 336 260
1  851 846 7 533 969 342
0  174 893 871 199 115 43
2  928 664 310 584 442 88
0  957 596 340 20 336 260
1  851 846 7 533 969 342
0  174 893 871 199 115 43
2  928 664 310 584 442 88
0  957 596 340 20 336 260
1  851 846 7 533 969 342
0  174 893 871 199 115 43
2 1 1 3 0 3 3
2 3 3 2 1 1 1
2  928 664 310 584 442 88
0  957 596 340 20 336 260
1  851 846 7 533 969 342
0  174 893 871 199 115 43
2  928 664 310 584 442 88
0  957 596 340 20 336 260
1  851 846 7 533 969 342
0  174 893 871 199 115 43
2  928 664 310 584 442 88
0  957 596 340 20 336 260
1  851 846 7 533 969 342
0  174 893 871 199 115 43
2  928 664 310 584 442 88
0  957 596 340 20 336 260
1  851 846 7 533 969 342
0  174 893 871 199 115 43
2  928 664 310 584 442 88
0  957 596 340 20 336 260
1  851 846 7 533 969 342
0  174 893 871 199 115 43
2  928 664 310 584 442 88
0  957 596 340 20 336 260
1  851 846 7 533 969 342
0  174 893 871 199 115 43
1 2 0 0 2 3 0
2 3 0 0 0 0 3
2  928 664 310 584 442 88
0  957 596 340 20 336 260
1  851 846 7 533 969 342
0  174 893 871 199 115 43
2  928 664 310 584 442 88
0  957 596 340 20 336 260
1  851 846 7 533 969 342
0  174 893 871 199 115 43
2  928 664 310 584 442 88
0  957 596 340 20 336 260
1  851 846 7 533 969 342
0  174 893 871 199 115 43
2  928 664 310 584 442 88
0  957 596 340 20 336 260
1  851 846 7 533 969 342
0  174 893 871 199 115 43
1 1 3 0 2 0 0
2  928 664 310 584 442 88
0  957 596 340 20 336 260
1  851 846 7 533 969 342
0  174 893 871 199 115 43
2  928 664 310 584 442 88
0  957 596 340 20 336 260
1  851 846 7 533 969 342
0  174 893 871 199 115 43
2 1 1 0 0 2 1
1 3 2 0 2 3 0
2  928 664 310 584 442 88
0  957 596 340 20 336 260
1  851 846 7 533 969 342
0  174 893 871 199 115 43
2  928 664 310 584 442 88
0  957 596 340 20 336 260
1  851 846 7 533 969 342
0  174 893 871 199 115 43
2 3 0 3 3 2 1
2  928 664 310 584 442 88
0  957 596 340 20 336 260
1  851 846 7 533 969 342
0  174 893 871 199 115 43
0 2 1 0 2 2 1
2 0 0 3 0 1 2
2  928 664 310 584 442 88
0  957 596 340 20 336 260
1  851 846 7 533 969 342
0  174 893 871 199 115 43
2  928 664 310 584 442 88
0  957 596 340 20 336 260
1  851 846 7 533 969 342
0  174 893 871 199 115 43
2  928 664 310 584 442 88
0  957 596 340 20 336 260
1  851 846 7 533 969 342
0  174 893 871 199 115 43
1 2 1 1 2 1 0
2  928 664 310 584 442 88
0  957 596 340 20 336 260
1  851 846 7 533 969 342
0  174 893 871 199 115 43
2  928 664 310 584 442 88
0  957 596 340 20 336 260
1  851 846 7 533 969 342
0  174 893 871 199 115 43
2  928 664 310 584 442 88
0  957 596 340 20 336 260
1  851 846 7 533 969 342
0  174 893 871 199 115 43
2  928 664 310 584 442 88
0  957 596 340 20 336 260
1  851 846 7 533 969 342
0  174 893 871 199 115 43
2  928 664 310 584 442 88
0  957 596 340 20 336 260
1  851 846 7 533 969 342
0  174 893 871 199 115 43
2  928 664 310 584 442 88
0  957 596 340 20 336 260
1  851 846 7 533 969 342
0  174 893 871 199 115 43
0 2 3 2 3 2 3
2  928 664 310 584 442 88
0  957 596 340 20 336 260
1  851 846 7 533 969 342
0  174 893 871 199 115 43
2  928 664 310 584 442 88
0  957 596 340 20 336 260
1  851 846 7 533 969 342
0  174 893 871 199 115 43
2  928 664 310 584 442 88
0  957 596 340 20 336 260
1  851 846 7 533 969 342
0  174 893 871 199 115 43
2  928 664 310 584 442 88
0  957 596 340 20 336 260
1  851 846 7 533 969 342
0  174 893 871 199 115 43
2  928 664 310 584 442 88
0  957 596 340 20 336 260
1  851 846 7 533 969 342
0  174 893 871 199 115 43
2  928 664 310 584 442 88
0  957 596 340 20 336 260
1  851 846 7 533 969 342
0  174 893 871 199 115 43
1 0 0 1 0 1 3
2  928 664 310 584 442 88
0  957 596 340 20 336 260
1  851 846 7 533 969 342
0  174 893 871 199 115 43
2  928 664 310 584 442 88
0  957 596 340 20 336 260
1  851 846 7 533 969 342
0  174 893 871 199 115 43
2  928 664 310 584 442 88
0  957 596 340 20 336 260
1  851 846 7 533 969 342
0  174 893 871 199 115 43
0 1 3 0 0 0 1
2  928 664 310 584 442 88
0  957 596 340 20 336 260
1  851 846 7 533 969 342
0  174 893 871 199 115 43
2  928 664 310 584 442 88
0  957 596 340 20 336 260
1  851 846 7 533 969 342
0  174 893 871 199 115 43
2  928 664 310 584 442 88
0  957 596 340 20 336 260
1  851 846 7 533 969 342
0  174 893 871 199 115 43
2  928 664 310 584 442 88
0  957 596 340 20 336 260
1  851 846 7 533 969 342
0  174 893 871 199 115 43
1 3 3 0 2 2 0
0 0 1 2 0 2 0
2 2 3 3 1 3 2
1 1 0 0 3 2 3
2  928 664 310 584 442 88
0  957 596 340 20 336 260
1  851 846 7 533 969 342
0  174 893 871 199 115 43
2  928 664 310 584 442 88
0  957 596 340 20 336 260
1  851 846 7 533 969 342
0  174 893 871 199 115 43
2  928 664 310 584 442 88
0  957 596 340 20 336 260
1  851 846 7 533 969 342
0  174 893 871 199 115 43
2  928 664 310 584 442 88
0  957 596 340 20 336 260
1  851 846 7 533 969 342
0  174 893 871 199 115 43
2  928 664 310 584 442 88
0  957 596 340 20 336 260
1  851 846 7 533 969 342
0  174 893 871 199 115 43
0 0 0 1 0 0 3
2  928 664 310 584 442 88
0  957 596 340 20 336 260
1  851 846 7 533 969 342
0  174 893 871 199 115 43
2  928 664 310 584 442 88
0  957 596 340 20 336 260
1  851 846 7 533 969 342
0  174 893 871 199 115 43
2  928 664 310 584 442 88
0  957 596 340 20 336 260
1  851 846 7 533 969 342
0  174 893 871 199 115 43
2 2 2 3 0 0 0
1 1 3 0 3 1 0
2  928 664 310 584 442 88
0  957 596 340 20 336 260
1  851 846 7 533 969 342
0  174 893 871 199 115 43
2 1 0 1 2 2 2
2 3 1 2 0 1 2
0 0 2 0 1 1 0
2  928 664 310 584 442 88
0  957 596 340 20 336 260
1  851 846 7 533 969 342
0  174 893 871 199 115 43
2  928 664 310 584 442 88
0  957 596 340 20 336 260
1  851 846 7 533 969 342
0  174 893 871 199 115 43
0 1 2 2 1 1 1
0 2 2 2 0 0 3
2  928 664 310 584 442 88
0  957 596 340 20 336 260
1  851 846 7 533 969 342
0  174 893 871 199 115 43
2  928 664 310 584 442 88
0  957 596 340 20 336 260
1  851 846 7 533 969 342
0  174 893 871 199 115 43
2  928 664 310 584 442 88
0  957 596 340 20 336 260
1  851 846 7 533 969 342
0  174 893 871 199 115 43
2  928 664 310 584 442 88
0  957 596 340 20 336 260
1  851 846 7 533 969 342
0  174 893 871 199 115 43
0 0 1 2 1 2 2
1 2 1 2 2 3 1
2  928 664 310 584 442 88
0  957 596 340 20 336 260
1  851 846 7 533 969 342
0  174 893 871 199 115 43
2  928 664 310 584 442 88
0  957 596 340 20 336 260
1  851 846 7 533 969 342
0  174 893 871 199 115 43
2  928 664 310 584 442 88
0  957 596 340 20 336 260
1  851 846 7 533 969 342
0  174 893 871 199 115 43
2  928 664 310 584 442 88
0  957 596 340 20 336 260
1  851 846 7 533 969 342
0  174 893 871 199 115 43
1 1 0 2 0 2 1
2 0 1 3 3 0 1
2  928 664 310 584 442 88
0  957 596 340 20 336 260
1  851 846 7 533 969 342
0  174 893 871 199 115 43
2  928 664 310 584 442 88
0  957 596 340 20 336 260
1  851 846 7 533 969 342
0  174 893 871 199 115 43
1 3 1 3 2 1 0
2  928 664 310 584 442 88
0  957 596 340 20 336 260
1  851 846 7 533 969 342
0  174 893 871 199 115 43
2  928 664 310 584 442 88
0  957 596 340 20 336 260
1  851 846 7 533 969 342
0  174 893 871 199 115 43
2  928 664 310 584 442 88
0  957 596 340 20 336 260
1  851 846 7 533 969 342
0  174 893 871 199 115 43
2 2 3 1 1 0 0
2  928 664 310 584 442 88
0  957 596 340 20 336 260
1  851 846 7 533 969 342
0  174 893 871 199 115 43
2  928 664 310 584 442 88
0  957 596 340 20 336 260
1  851 846 7 533 969 342
0  174 893 871 199 115 43
2 3 0 1 2 2 1
2  928 664 310 584 442 88
0  957 596 340 20 336 260
1  851 846 7 533 969 342
0  174 893 871 199 115 43
2  928 664 310 584 442 88
0  957 596 340 20 336 260
1  851 846 7 533 969 342
0  174 893 871 199 115 43
2  928 664 310 584 442 88
0  957 596 340 20 336 260
1  851 846 7 533 969 342
0  174 893 871 199 115 43
2  928 664 310 584 442 88
0  957 596 340 20 336 260
1  851 846 7 533 969 342
0  174 893 871 199 115 43
2  928 664 310 584 442 88
0  957 596 340 20 336 260
1  851 846 7 533 969 342
0  174 893 871 199 115 43
2  928 664 310 584 442 88
0  957 596 340 20 336 260
1  851 846 7 533 969 342
0  174 893 871 199 115 43
2  928 664 310 584 442 88
0  957 596 340 20 336 260
1  851 846 7 533 969 342
0  174 893 871 199 115 43
0 1 2 1 0 1 3
2  928 664 310 584 442 88
0  957 596 340 20 336 260
1  851 846 7 533 969 342
0  174 893 871 199 115 43
2  928 664 310 584 442 88
0  957 596 340 20 336 260
1  851 846 7 533 969 342
0  174 893 871 199 115 43
1 3 0 1 2 1 3
2  928 664 310 584 442 88
0  957 596 340 20 336 260
1  851 846 7 533 969 342
0  174 893 871 199 115 43
1 2 1 0 0 0 0
0 3 3 1 2 2 0
2  928 664 310 584 442 88
0  957 596 340 20 336 260
1  851 846 7 533 969 342
0  174 893 871 199 115 43
2  928 664 310 584 442 88
0  957 596 340 20 336 260
1  851 846 7 533 969 342
0  174 893 871 199 115 43
2  928 664 310 584 442 88
0  957 596 340 20 336 260
1  851 846 7 533 969 342
0  174 893 871 199 115 43
2  928 664 310 584 442 88
0  957 596 340 20 336 260
1  851 846 7 533 969 342
0  174 893 871 199 115 43
1 1 3 3 0 3 0
2  928 664 310 584 442 88
0  957 596 340 20 336 260
1  851 846 7 533 969 342
0  174 893 871 199 115 43
1 3 0 0 0 1 0
2  928 664 310 584 442 88
0  957 596 340 20 336 260
1  851 846 7 533 969 342
0  174 893 871 199 115 43
2 1 3 2 1 0 2
2  928 664 310 584 442 88
0  957 596 340 20 336 260
1  851 846 7 533 969 342
0  174 893 871 199 115 43
2  928 664 310 584 442 88
0  957 596 340 20 336 260
1  851 846 7 533 969 342
0  174 893 871 199 115 43
2  928 664 310 584 442 88
0  957 596 340 20 336 260
1  851 846 7 533 969 342
0  174 893 871 199 115 43
2  928 664 310 584 442 88
0  957 596 340 20 336 260
1  851 846 7 533 969 342
0  174 893 871 199 115 43
2  928 664 310 584 442 88
0  957 596 340 20 336 260
1  851 846 7 533 969 342
0  174 893 871 199 115 43
2  928 664 310 584 442 88
0  957 596 340 20 336 260
1  851 846 7 533 969 342
0  174 893 871 199 115 43
0 3 1 3 2 3 0
2  928 664 310 584 442 88
0  957 596 340 20 336 260
1  851 846 7 533 969 342
0  174 893 871 199 115 43
2 3 0 3 2 1 1
2  928 664 310 584 442 88
0  957 596 340 20 336 260
1  851 846 7 533 969 342
0  174 893 871 199 115 43
2  928 664 310 584 442 88
0  957 596 340 20 336 260
1  851 846 7 533 969 342
0  174 893 871 199 115 43
2  928 664 310 584 442 88
0  957 596 340 20 336 260
1  851 846 7 533 969 342
0  174 893 871 199 115 43
2  928 664 310 584 442 88
0  957 596 340 20 336 260
1  851 846 7 533 969 342
0  174 893 871 199 115 43
2 3 3 2 2 1 2
2  928 664 310 584 442 88
0  957 596 340 20 336 260
1  851 846 7 533 969 342
0  174 893 871 199 115 43
2  928 664 310 584 442 88
0  957 596 340 20 336 260
1  851 846 7 533 969 342
0  174 893 871 199 115 43
2  928 664 310 584 442 88
0  957 596 340 20 336 260
1  851 846 7 533 969 342
0  174 893 871 199 115 43
2 1 0 0 1 3 1
2  928 664 310 584 442 88
0  957 596 340 20 336 260
1  851 846 7 533 969 342
0  174 893 871 199 115 43
2  928 664 310 584 442 88
0  957 596 340 20 336 260
1  851 846 7 533 969 342
0  174 893 871 199 115 43
2  928 664 310 584 442 88
0  957 596 340 20 336 260
1  851 846 7 533 969 342
0  174 893 871 199 115 43
2  928 664 310 584 442 88
0  957 596 340 20 336 260
1  851 846 7 533 969 342
0  174 893 871 199 115 43
2  928 664 310 584 442 88
0  957 596 340 20 336 260
1  851 846 7 533 969 342
0  174 893 871 199 115 43
2  928 664 310 584 442 88
0  957 596 340 20 336 260
1  851 846 7 533 969 342
0  174 893 871 199 115 43
2  928 664 310 584 442 88
0  957 596 340 20 336 260
1  851 846 7 533 969 342
0  174 893 871 199 115 43
2  928 664 310 584 442 88
0  957 596 340 20 336 260
1  851 846 7 533 969 342
0  174 893 871 199 115 43
2  928 664 310 584 442 88
0  957 596 340 20 336 260
1  851 846 7 533 969 342
0  174 893 871 199 115 43
2  928 664 310 584 442 88
0  957 596 340 20 336 260
1  851 846 7 533 969 342
0  174 893 871 199 115 43
2  928 664 310 584 442 88
0  957 596 340 20 336 260
1  851 846 7 533 969 342
0  174 893 871 199 115 43
2  928 664 310 584 442 88
0  957 596 340 20 336 260
1  851 846 7 533 969 342
0  174 893 871 199 115 43
1 0 1 1 2 3 1
2  928 664 310 584 442 88
0  957 596 340 20 336 260
1  851 846 7 533 969 342
0  174 893 871 199 115 43
2  928 664 310 584 442 88
0  957 596 340 20 336 260
1  851 846 7 533 969 342
0  174 893 871 199 115 43
2  928 664 310 584 442 88
0  957 596 340 20 336 260
1  851 846 7 533 969 342
0  174 893 871 199 115 43
2  928 664 310 584 442 88
0  957 596 340 20 336 260
1  851 846 7 533 969 342
0  174 893 871 199 115 43
2  928 664 310 584 442 88
0  957 596 340 20 336 260
1  851 846 7 533 969 342
0  174 893 871 199 115 43
2  928 664 310 584 442 88
0  957 596 340 20 336 260
1  851 846 7 533 969 342
0  174 893 871 199 115 43
2  928 664 310 584 442 88
0  957 596 340 20 336 260
1  851 846 7 533 969 342
0  174 893 871 199 115 43
2  928 664 310 584 442 88
0  957 596 340 20 336 260
1  851 846 7 533 969 342
0  174 893 871 199 115 43
2  928 664 310 584 442 88
0  957 596 340 20 336 260
1  851 846 7 533 969 342
0  174 893 871 199 115 43
2  928 664 310 584 442 88
0  957 596 340 20 336 260
1  851 846 7 533 969 342
0  174 893 871 199 115 43
1 0 1 3 2 0 2
2  928 664 310 584 442 88
0  957 596 340 20 336 260
1  851 846 7 533 969 342
0  174 893 871 199 115 43
2  928 664 310 584 442 88
0  957 596 340 20 336 260
1  851 846 7 533 969 342
0  174 893 871 199 115 43
1 0 0 2 0 0 3
2  928 664 310 584 442 88
0  957 596 340 20 336 260
1  851 846 7 533 969 342
0  174 893 871 199 115 43
2  928 664 310 584 442 88
0  957 596 340 20 336 260
1  851 846 7 533 969 342
0  174 893 871 199 115 43
2  928 664 310 584 442 88
0  957 596 340 20 336 260
1  851 846 7 533 969 342
0  174 893 871 199 115 43
2  928 664 310 584 442 88
0  957 596 340 20 336 260
1  851 846 7 533 969 342
0  174 893 871 199 115 43
2  928 664 310 584 442 88
0  957 596 340 20 336 260
1  851 846 7 533 969 342
0  174 893 871 199 115 43
2  928 664 310 584 442 88
0  957 596 340 20 336 260
1  851 846 7 533 969 342
0  174 893 871 199 115 43
2  928 664 310 584 442 88
0  957 596 340 20 336 260
1  851 846 7 533 969 342
0  174 893 871 199 115 43
2  928 664 310 584 442 88
0  957 596 340 20 336 260
1  851 846 7 533 969 342
0  174 893 871 199 115 43
2  928 664 310 584 442 88
0  957 596 340 20 336 260
1  851 846 7 533 969 342
0  174 893 871 199 115 43
2  928 664 310 584 442 88
0  957 596 340 20 336 260
1  851 846 7 533 969 342
0  174 893 871 199 115 43
2  928 664 310 584 442 88
0  957 596 340 20 336 260
1  851 846 7 533 969 342
0  174 893 871 199 115 43
2  928 664 310 584 442 88
0  957 596 340 20 336 260
1  851 846 7 533 969 342
0  174 893 871 199 115 43
2  928 664 310 584 442 88
0  957 596 340 20 336 260
1  851 846 7 533 969 342
0  174 893 871 199 115 43
0 2 1 2 1 0 2
2  928 664 310 584 442 88
0  957 596 340 20 336 260
1  851 846 7 533 969 342
0  174 893 871 199 115 43
0 2 1 3 2 2 0
1 0 3 2 0 3 1
2  928 664 310 584 442 88
0  957 596 340 20 336 260
1  851 846 7 533 969 342
0  174 893 871 199 115 43
2  928 664 310 584 442 88
0  957 596 340 20 336 260
1  851 846 7 533 969 342
0  174 893 871 199 115 43
2  928 664 310 584 442 88
0  957 596 340 20 336 260
1  851 846 7 533 969 342
0  174 893 871 199 115 43
2  928 664 310 584 442 88
0  957 596 340 20 336 260
1  851 846 7 533 969 342
0  174 893 871 199 115 43
2  928 664 310 584 442 88
0  957 596 340 20 336 260
1  851 846 7 533 969 342
0  174 893 871 199 115 43
2  928 664 310 584 442 88
0  957 596 340 20 336 260
1  851 846 7 533 969 342
0  174 893 871 199 115 43
2  928 664 310 584 442 88
0  957 596 340 20 336 260
1  851 846 7 533 969 342
0  174 893 871 199 115 43
1 0 2 1 1 1 3
2  928 664 310 584 442 88
0  957 596 340 20 336 260
1  851 846 7 533 969 342
0  174 893 871 199 115 43
0 3 3 2 0 3 1
2  928 664 310 584 442 88
0  957 596 340 20 336 260
1  851 846 7 533 969 342
0  174 893 871 199 115 43
2 2 3 3 2 1 0
2  928 664 310 584 442 88
0  957 596 340 20 336 260
1  851 846 7 533 969 342
0  174 893 871 199 115 43
0 2 1 1 0 0 1
2  928 664 310 584 442 88
0  957 596 340 20 336 260
1  851 846 7 533 969 342
0  174 893 871 199 115 43
2 3 3 1 1 3 1
2  928 664 310 584 442 88
0  957 596 340 20 336 260
1  851 846 7 533 969 342
0  174 893 871 199 115 43
1 2 0 0 3 1 3
2  928 664 310 584 442 88
0  957 596 340 20 336 260
1  851 846 7 533 969 342
0  174 893 871 199 115 43
2  928 664 310 584 442 88
0  957 596 340 20 336 260
1  851 846 7 533 969 342
0  174 893 871 199 115 43
2  928 664 310 584 442 88
0  957 596 340 20 336 260
1  851 846 7 533 969 342
0  174 893 871 199 115 43
1 0 1 2 0 1 1
2  928 664 310 584 442 88
0  957 596 340 20 336 260
1  851 846 7 533 969 342
0  174 893 871 199 115 43
2  928 664 310 584 442 88
0  957 596 340 20 336 260
1  851 846 7 533 969 342
0  174 893 871 199 115 43
2  928 664 310 584 442 88
0  957 596 340 20 336 260
1  851 846 7 533 969 342
0  174 893 871 199 115 43
2  928 664 310 584 442 88
0  957 596 340 20 336 260
1  851 846 7 533 969 342
0  174 893 871 199 115 43
2  928 664 310 584 442 88
0  957 596 340 20 336 260
1  851 846 7 533 969 342
0  174 893 871 199 115 43
1 1 1 1 3 1 1
1 2 1 2 2 2 3
2  928 664 310 584 442 88
0  957 596 340 20 336 260
1  851 846 7 533 969 342
0  174 893 871 199 115 43
2  928 664 310 584 442 88
0  957 596 340 20 336 260
1  851 846 7 533 969 342
0  174 893 871 199 115 43
2 1 1 2 0 1 2
2  928 664 310 584 442 88
0  957 596 340 20 336 260
1  851 846 7 533 969 342
0  174 893 871 199 115 43
2  928 664 310 584 442 88
0  957 596 340 20 336 260
1  851 846 7 533 969 342
0  174 893 871 199 115 43
1 0 3 1 1 0 0
1 3 1 2 1 3 0
2  928 664 310 584 442 88
0  957 596 340 20 336 260
1  851 846 7 533 969 342
0  174 893 871 199 115 43
2 2 3 0 2 3 0
2  928 664 310 584 442 88
0  957 596 340 20 336 260
1  851 846 7 533 969 342
0  174 893 871 199 115 43
2 1 2 3 0 2 3
2  928 664 310 584 442 88
0  957 596 340 20 336 260
1  851 846 7 533 969 342
0  174 893 871 199 115 43
2  928 664 310 584 442 88
0  957 596 340 20 336 260
1  851 846 7 533 969 342
0  174 893 871 199 115 43
2  928 664 310 584 442 88
0  957 596 340 20 336 260
1  851 846 7 533 969 342
0  174 893 871 199 115 43
2  928 664 310 584 442 88
0  957 596 340 20 336 260
1  851 846 7 533 969 342
0  174 893 871 199 115 43
2 3 3 0 2 3 0
